[bg2.jpg]
filters=bw=1;dir_tint=1,0.500000,0.500000,0.250000,0.415205,ffffffff,0;
moddate=00005f60ead20000
width=900
height=600
textactive=0
